-0.00179028 0.0629284 0.0450955
-0.00531677 0.063274 0.0448453
-0.00896942 0.0635384 0.0440186
-0.0127948 0.0637783 0.0426698
-0.0168474 0.0639849 0.04074
-0.0211778 0.0641178 0.0381444
-0.0258137 0.0640874 0.034776
-0.0307306 0.0637438 0.0305246
-0.0358231 0.0628853 0.0253157
-0.0408913 0.0612954 0.0191642
-0.0456627 0.058809 0.0122208
-0.0498548 0.0553828 0.00478136
-0.0532577 0.0511325 -0.00276011
-0.0557968 0.0463111 -0.0100012
-0.0575429 0.0412339 -0.0166235
-0.0586701 0.0361899 -0.0224449
-0.0593885 0.0313808 -0.0274188
-0.0598855 0.0269019 -0.0315947
-0.0602943 0.0227596 -0.0350669
-0.0606882 0.0189052 -0.0379335
-0.0610932 0.0152665 -0.0402728
-0.0615053 0.0117706 -0.0421365
-0.0619072 0.00835503 -0.0435519
-0.06228 0.00497075 -0.0445294
-0.0626106 0.00157921 -0.0450686
-0.0628946 -0.00185251 -0.0451628
-0.0631362 -0.00535753 -0.0447999
-0.0633453 -0.00897428 -0.0439604
-0.06353 -0.0127495 -0.0426116
-0.063686 -0.016737 -0.0407011
-0.0637806 -0.0209895 -0.038151
-0.063736 -0.0255413 -0.0348602
-0.0634163 -0.0303811 -0.0307194
-0.0626311 -0.0354229 -0.0256461
-0.0611663 -0.0404882 -0.0196349
-0.0588432 -0.0453193 -0.0128067
-0.0555888 -0.0496325 -0.00542685
-0.0514818 -0.0531964 0.00212836
-0.0467453 -0.0559019 0.00945301
-0.0416835 -0.0577858 0.0162052
-0.0365953 -0.059001 0.022171
-0.0317042 -0.0597536 0.0272759
-0.0271295 -0.0602404 0.0315528
-0.022896 -0.060609 0.0350915
-0.0189649 -0.060947 0.0379933
-0.0152678 -0.0612905 0.0403435
-0.0117313 -0.0616415 0.042201
-0.00829091 -0.0619852 0.0435996
-0.00489517 -0.0623027 0.0445542
-0.00150393 -0.0625798 0.0450682
0.00191634 -0.0628107 0.045138